0.1
MSAA 16X 
SMAA ULTRA 
Current Scene : Container 
793.6
1378.9
1433.5
1472.7
1446.3
1524.2
1489.2
1419.2
1511.3
1547.0
1442.7
1503.2
1260.2
1358.8
1348.9
1327.8
1526.1
1523.4
1483.5
1372.4
1422.8
1541.9
1493.8
1394.8
1528.4
1491.4
1434.2
1417.3
1520.5
1498.1
1349.6
1451.6
1501.3
1551.4
1489.7
1482.0
1510.9
1494.2
1541.9
1541.5
1492.6
1509.9
1499.5
1523.9
1523.7
1466.0
1442.5
1409.6
1461.2
1438.5
1394.4
1217.6
1384.9
1455.5
1435.9
1385.5
1439.2
1422.8
1458.0
1444.0
1418.9
1442.1
1454.3
1449.2
1439.3
1408.4
1444.2
1433.0
1453.9
1429.6
1436.5
1448.4
1423.6
1457.6
1428.5
1412.7
1423.1
1397.8
1292.8
898.5
1009.9
1346.9
1265.4
1388.8
1502.3
1374.7
1479.7
1517.3
1483.8
1548.3
1430.3
1457.2
1394.5
1409.3
1558.8
1502.0
1486.1
1484.8
1421.2
1540.0
1504.3
1581.9
1528.2
1601.2
1580.2
1449.3
1569.6
1579.5
1596.8
1577.0
1386.3
1583.6
1314.6
1334.3
1434.5
1499.1
1544.4
1508.8
1519.3
1490.0
1497.7
1512.7
1434.1
1497.8
1479.9
1426.1
1487.4
1473.3
1476.0
1509.8
1481.4
1525.0
1466.9
1483.4
1459.9
1520.0
1437.8
1275.0
1204.5
1382.0
1445.8
1354.4
1289.2
1394.3
1357.8
1333.5
1382.9
1374.7
1408.5
1421.8
1448.8
1446.7
1424.3
1435.6
1341.9
1442.2
1356.5
1344.3
1412.9
1381.5
1398.3
1344.6
1409.1
1444.2
1403.5
1379.6
1327.3
1249.0
1423.2
1434.4
1439.4
1419.7
1453.1
1423.6
1277.7
1447.0
1399.8
1434.9
1446.0
1428.5
1404.0
1439.8
1223.9
1448.2
1446.2
1472.8
1334.7
1334.4
1413.3
1402.7
1400.7
1429.6
1366.3
1406.5
1438.8
1182.1
1264.9
1446.2
1424.5
1111.4
1337.0
1429.3
1433.1
1427.8
1419.7
1409.5
1443.8
1361.8
1141.4
1436.9
1418.7
1309.2
1434.4
1434.3
1425.1
1213.4
1373.4
1434.5
1442.1
1349.8
1344.1
1444.1
1446.6
1391.1
1400.3
1388.8
1373.3
1424.2
1385.3
1406.0
1387.1
1407.8
1415.1
1433.3
1399.0
1349.4
1442.0
1376.2
1299.3
1398.1
1417.3
1413.8
1361.8
1328.7
1382.7
1196.6
1300.7
1380.5
1397.2
1435.7
1406.1
1412.9
1402.7
1376.7
1236.8
1451.3
1458.7
1412.0
1302.9
1423.3
1337.0
1371.1
1412.0
1316.3
1338.3
1397.4
1391.5
1407.3
1372.0
1419.3
1378.6
1404.5
1432.0
1368.9
1399.1
791.3
13.3
25.2
25.9
24.1
24.6
849.4
1080.5
1144.3
390.3
26.7
20.1
668.6
1313.4
1265.9
262.9
31.4
33.9
33.6
30.4
33.4
32.2
33.0
1194.6
1274.8
1170.4
1341.5
1418.7
1348.9
1448.1
1302.6
1331.1
1307.6
1349.2
1352.8
1400.1
1358.8
1262.0
1341.9
1332.7
1433.9
1375.6
1338.7
1262.8
1214.2
1408.4
1366.8
1417.4
1361.1
1424.4
1398.7
1326.5
1389.2
1423.0
1439.1
1393.5
